# name: sekizT 
# type: matrix 
# rows:  785
# columns: 4  
1.77 -5.13016e-13 0 1
1.3275 -3.84762e-13 0 0.831703
0.885 -2.56508e-13 0 0.702101
1.26519 0.708709 0 0.749269
0.4425 -1.28254e-13 0 0.631589
0 0 0 0.603298
0.654847 0.701592 0 0.597381
1.92656e-13 0.885 0 0.503193
3.85313e-13 1.77 0 0.210286
0.893503 -2.56508e-13 1.80314 0.694882
0 0 1.80314 0.593988
3.85313e-13 1.7615 1.80314 0.203644
1.37802 -3.84762e-13 3.60628 0.81408
0.918683 -2.56508e-13 3.60628 0.671751
1.29976 0.70782 3.60628 0.723286
0.459342 -1.28254e-13 3.60628 0.594221
0 0 3.60628 0.563545
0.656627 0.699813 3.60628 0.55804
1.92656e-13 0.868158 3.60628 0.465716
3.85313e-13 1.73632 3.60628 0.180405
0.959575 -2.56508e-13 5.40942 0.633902
0 0 5.40942 0.514026
3.85313e-13 1.69543 5.40942 0.143482
1.52191 -3.84762e-13 7.21256 0.760097
1.01461 -2.56508e-13 7.21256 0.57957
1.39822 0.705286 7.21256 0.643679
0.507303 -1.28254e-13 7.21256 0.480582
0 0 7.21256 0.442761
0.661693 0.694747 7.21256 0.438586
1.92656e-13 0.820197 7.21256 0.352237
3.85313e-13 1.64039 7.21256 0.0899973
1.08166 -2.56508e-13 9.0157 0.511505
0 0 9.0157 0.353429
3.85313e-13 1.57334 9.0157 0.0231383
1.73724 -3.84762e-13 10.8188 0.67097
1.15816 -2.56508e-13 10.8188 0.429459
1.54557 0.701495 10.8188 0.51205
0.579081 -1.28254e-13 10.8188 0.295125
0 0 10.8188 0.245847
0.669276 0.687164 10.8188 0.243683
1.92656e-13 0.748419 10.8188 0.167473
3.85313e-13 1.49684 10.8188 -0.0574554
1.24117 -2.56508e-13 12.622 0.338955
0 0 12.622 0.126599
3.85313e-13 1.41383 12.622 -0.147336
1.3275 -2.56508e-13 14.4251 0.242784
0.66375 -1.28254e-13 14.4251 0.0636158
0 0 14.4251 2.50711e-06
0.67822 0.67822 14.4251 2.26214e-06
1.92656e-13 0.66375 14.4251 -0.0636109
3.85313e-13 1.3275 14.4251 -0.242779
1.41383 -2.56508e-13 16.2283 0.147332
0 0 16.2283 -0.126603
3.85313e-13 1.24117 16.2283 -0.338959
1.49684 -2.56508e-13 18.0314 0.0574575
0.748419 -1.28254e-13 18.0314 -0.167471
0 0 18.0314 -0.245844
0.687164 0.669276 18.0314 -0.243681
1.92656e-13 0.579081 18.0314 -0.295123
3.85313e-13 1.15816 18.0314 -0.429457
0.701495 1.54557 18.0314 -0.512049
5.77969e-13 1.73724 18.0314 -0.670969
1.57334 -2.56508e-13 19.8345 -0.0231372
0 0 19.8345 -0.353428
3.85313e-13 1.08166 19.8345 -0.511503
1.64039 -2.56508e-13 21.6377 -0.0899988
0.820197 -1.28254e-13 21.6377 -0.352238
0 0 21.6377 -0.442761
0.694747 0.661693 21.6377 -0.438587
1.92656e-13 0.507303 21.6377 -0.480582
3.85313e-13 1.01461 21.6377 -0.579571
0.705286 1.39822 21.6377 -0.643679
5.77969e-13 1.52191 21.6377 -0.760096
1.69543 -2.56508e-13 23.4408 -0.143481
0 0 23.4408 -0.514025
3.85313e-13 0.959575 23.4408 -0.633902
1.73632 -2.56508e-13 25.244 -0.180406
0.868158 -1.28254e-13 25.244 -0.465717
0 0 25.244 -0.563545
0.699813 0.656627 25.244 -0.558041
1.92656e-13 0.459342 25.244 -0.594221
3.85313e-13 0.918683 25.244 -0.671752
0.70782 1.29976 25.244 -0.723287
5.77969e-13 1.37802 25.244 -0.814081
1.7615 -2.56508e-13 27.0471 -0.203644
0 0 27.0471 -0.593988
3.85313e-13 0.893503 27.0471 -0.694882
1.77 -2.56508e-13 28.8502 -0.210285
0.885 -1.28254e-13 28.8502 -0.503193
0 0 28.8502 -0.603297
0.701592 0.654847 28.8502 -0.59738
1.92656e-13 0.4425 28.8502 -0.631588
3.85313e-13 0.885 28.8502 -0.702099
0.708709 1.26519 28.8502 -0.749268
5.77969e-13 1.3275 28.8502 -0.831702
7.70625e-13 1.77 28.8502 -1
