# name: Knownnodes 
# type: matrix 
# rows: 242
# columns: 2
1 100
2 100
3 100
4 100
5 100
6 100
7 100
8 100
9 100
57 -100
58 -100
59 -100
60 -100
61 -100
62 -100
63 -100
64 -100
65 -100
66 100
67 100
68 100
69 100
70 100
86 -100
87 -100
88 -100
89 -100
90 -100
91 100
92 100
93 100
94 100
95 100
96 100
97 100
98 100
99 100
147 -100
148 -100
149 -100
150 -100
151 -100
152 -100
153 -100
154 -100
155 -100
156 100
157 100
158 100
159 100
160 100
176 -100
177 -100
178 -100
179 -100
180 -100
181 100
182 100
183 100
184 100
185 100
186 100
187 100
188 100
189 100
237 -100
238 -100
239 -100
240 -100
241 -100
242 -100
243 -100
244 -100
245 -100
246 100
247 100
248 100
249 100
250 100
266 -100
267 -100
268 -100
269 -100
270 -100
271 100
272 100
273 100
274 100
275 100
276 100
277 100
278 100
279 100
327 -100
328 -100
329 -100
330 -100
331 -100
332 -100
333 -100
334 -100
335 -100
336 100
337 100
338 100
339 100
340 100
356 -100
357 -100
358 -100
359 -100
360 -100
361 100
362 100
363 100
364 100
365 100
366 100
367 100
368 100
369 100
417 -100
418 -100
419 -100
420 -100
421 -100
422 -100
423 -100
424 -100
425 -100
426 100
427 100
428 100
429 100
430 100
446 -100
447 -100
448 -100
449 -100
450 -100
451 100
452 100
453 100
454 100
455 100
456 100
457 100
458 100
459 100
507 -100
508 -100
509 -100
510 -100
511 -100
512 -100
513 -100
514 -100
515 -100
516 100
517 100
518 100
519 100
520 100
536 -100
537 -100
538 -100
539 -100
540 -100
541 100
542 100
543 100
544 100
545 100
546 100
547 100
548 100
549 100
597 -100
598 -100
599 -100
600 -100
601 -100
602 -100
603 -100
604 -100
605 -100
606 100
607 100
608 100
609 100
610 100
626 -100
627 -100
628 -100
629 -100
630 -100
631 100
632 100
633 100
634 100
635 100
636 100
637 100
638 100
639 100
687 -100
688 -100
689 -100
690 -100
691 -100
692 -100
693 -100
694 -100
695 -100
696 100
697 100
698 100
699 100
700 100
716 -100
717 -100
718 -100
719 -100
720 -100
721 100
722 100
723 100
724 100
725 100
726 100
727 100
728 100
729 100
777 -100
778 -100
779 -100
780 -100
781 -100
782 -100
783 -100
784 -100
785 -100
